28157784
28394317
28286223
28556098
28554329
28554328
27325181
26962635
26962633
28400383
28562911
28562103
28561203
28561084
28560911
28561636
28562909
28560537
28560416
28559735
28559280
28559242
28561092
28558439
28558214
28557598
28557567
28557415
28556931
28556252
28556167
28556064
28556078
28555761
28555729
28555728
28555778
28555348
28555333
28554451
28556355
28554390
28554321
28559755
28554101
28553773
28554393
28554394
28554395
28553603
28553643
28554398
28553606
28560388
28553044
28553016
28552221
28551055
28560360
28550754
28550448
28550108
28549843
28549396
28548724
28549317
28548444
28549280
28548268
28550128
28548121
28548109
28550114
28550129
28549991
28550467
28559240
28547213
28547219
28547218
28549312
28548118
28550178
28544445
28544444
28549505
28544317
28544308
28544275
28549316
28550450
28543924
28543136
28550323
28543748
28543745
28543038
28542031
28541782
28556337
28543524
28543328
28541264
28540922
28541654
28538564
28538804
28537265
28536961
28536737
28536731
28538879
28537202
28534714
28534562
28534360
28534280
28533478
28533457
28534738
28540976
28530792
28530665
28530663
28534678
28534669
28534494
28528075
28543554
28527936
28527935
28531085
28527377
28527375
28531887
28554669
28526827
28526807
28559752
28526658
28526593
28526592
28526449
28526374
28526284
28550293
28550292
28525660
28525567
28525342
28525310
28524973
28524972
28524970
28550469
28550472
28525968
28525991
28525990
28526073
28526072
28524093
28553079
28522706
28523743
28523948
28522532
28522446
28521811
28521788
28521785
28520454
28520453
28520065
28560308
28520207
28520083
28520409
28519284
28542923
28518418
28518365
28516201
28519580
28515469
28518954
28513980
28531465
28518860
28512371
28512267
28512128
28518985
28524668
28511463
28518940
28511291
28543447
28510596
28526851
28509806
28509218
28550470
28526096
28526829
28506602
28544989
28505338
28505175
28504610
28504640
28504494
28504885
28504863
28502868
28505181
28502469
28504405
28522697
28501101
28501046
28518819
28499784
28499785
28499605
28495697
28495629
28495296
28499630
28492168
28491850
28509889
28491682
28491688
28492230
28490651
28490646
28490644
28490630
28489614
28489606
28489594
28489420
28489404
28489261
28527733
28489213
28489063
28489053
28489026
28488904
28488824
28488742
28488534
28488496
28488455
28488396
28488228
28488042
28559244
28487961
28487803
28487729
28487724
28487600
28549844
28487460
28487347
28487303
28490648
28509925
28486941
28490634
28488224
28488226
28511289
28483377
28482978
28488493
28481124
28479757
28479508
28479480
28479295
28478731
28477917
28477916
28477196
28476474
28476473
28519723
28519724
28479040
28474100
28476937
28472051
28472047
28473096
28477936
28476600
28474444
28476528
28471355
28470992
28471289
28461584
28502288
28456238
28455828
28454531
28456141
28453942
28453720
28453255
28451724
28448052
28453956
28445489
28445478
28509025
28443676
28443383
28443251
28549506
28442778
28442688
28453946
28442600
28442599
28442542
28442494
28442499
28441649
28441637
28441495
28441337
28440617
28442299
28442447
28441667
28441141
28441140
28441139
28441323
28438767
28543449
28549867
28437782
28437521
28437426
28436170
28436770
28435962
28435729
28550852
28550853
28434710
28434703
28434318
28508102
28508108
28508099
28435313
28433852
28489648
28433531
28434315
28433840
28434200
28432762
28556117
28431692
28431472
28436848
28431377
28434201
28431281
28431547
28430134
28429580
28430201
28431898
28487459
28487748
28487711
28428533
28428531
28430604
28430601
28440466
28430114
28426685
28426636
28426635
28426918
28426609
28426916
28426917
28426611
28425198
28425197
28425196
28425195
28425194
28425125
28424950
28425167
28550456
28425557
28424277
28425383
28425351
28423570
28424305
28479513
28422963
28426160
28488826
28488192
28488194
28422460
28424358
28420701
28492089
28420698
28420697
28420208
28419599
28419537
28419425
28419219
28418967
28418715
28418662
28419056
28419053
28419054
28419055
28419606
28417601
28417314
28419441
28417258
28417204
28479354
28421064
28558550
28559222
28559410
28413140
28413138
28413137
28413136
28550425
28412043
28412024
28411908
28549823
28410989
28412493
28410822
28412483
28412484
28410620
28410453
28410451
28410449
28412035
28410417
28409705
28426276
28408332
28410764
28407786
28407700
28438583
28407483
28407228
28407222
28553964
28405824
28405305
28405297
28488452
28405041
28405028
28402489
28403305
28412499
28401884
28401687
28401528
28401354
28440616
28402023
28401114
28558209
28400956
28400951
28400824
28414359
28400592
28401119
28400421
28401120
28400420
28401122
28400419
28401125
28400418
28401123
28400417
28401129
28400416
28401115
28400415
28401117
28400414
28401127
28400413
28401121
28400412
28526088
28401124
28401128
28400410
28401118
28400409
28401126
28400408
28553190
28402148
28481907
28400877
28400688
28400823
28400867
28482116
28399804
28511501
28400868
28396488
28396485
28396481
28397965
28395566
28396730
28395017
28394842
28394839
28407894
28410906
28393925
28395617
28392929
28391981
28391862
28391107
28487589
28487834
28392878
28395007
28543455
28391994
28391995
28393954
28393014
28391247
28395368
28395161
28393006
28392276
28392032
28387762
28387262
28387153
28479444
28386343
28406289
28392479
28384613
28471274
28442358
28442366
28467670
28442368
28442372
28471272
28442367
28442362
28442359
28473068
28383207
28382989
28382602
28489013
28382239
28382238
28382635
28383175
28381522
28407971
28487385
28383061
28382909
28381904
28382231
28378696
28378695
28378694
28378693
28378692
28378691
28381519
28378506
28377327
28377009
28377007
28377006
28386105
28523868
28523870
28376777
28374798
28374105
28373780
28373468
28374834
28371280
28371279
28369562
28369501
28562285
28366547
28439065
28550081
28531805
28519579
28363944
28363646
28363437
28363418
28363376
17448788
28363693
28543460
28363539
28362872
28363540
28363692
28363648
28363645
28363157
28362069
28363518
28361492
28360304
28368312
28520211
28433718
28550884
28358950
28358951
28358332
28358094
28358092
28358091
28357878
28367250
28357492
28357519
28357113
28357124
28356976
28356953
28356795
28356016
28356015
28357000
28356898
28357078
28370091
28352989
28199772
28351877
28352108
28351633
28351632
28350512
28350394
28368313
28559253
28350089
28487313
28347785
28348596
28347594
28348373
28347453
28475225
28346923
28554668
28346407
28192117
28346849
28350910
28347015
28345869
28345422
28345421
28345150
28344924
28347371
28487420
28488015
28352987
28345383
28345612
28458353
28339742
28419255
28350981
28338861
28338620
28338548
28338586
28560303
28557956
28337648
28210229
28336906
28336896
28420240
28336635
28336469
28336135
28336043
28337870
28335979
28334069
28333953
28333764
28333763
28333723
28511473
28334577
28353013
28328976
28328706
28328338
28321839
28327829
28327828
28327372
28327285
28326974
28327780
28328347
28487808
28325875
28327265
28327438
28324017
28462891
28323225
28322531
28322517
28404670
28321892
28321990
28321681
28321253
28321112
28320650
28556142
28543017
28487362
28487364
28322829
28321257
28318139
28317975
28317233
28317232
28317231
28519686
28317113
28319864
28441276
28316538
28315887
28316741
28312337
28312336
28311510
28311933
28311284
28310316
28309988
28550075
28309776
28310898
28180051
28310512
28310358
28309472
28308109
28312340
28299540
28299249
28298545
28299250
28299251
28487559
28292538
28291736
28291796
28347596
28287672
28453522
28538516
28410717
28285977
28392523
28437804
28285804
28534339
27955019
28141944
27657644
28284778
28285141
28479355
28281956
28281444
28281160
28285822
28285821
28281022
28281021
28279255
28279927
28487266
28279732
28279731
28273995
27587732
28559753
28272545
28488032
28479732
28272572
28269548
28272547
28268683
28281440
28265117
28265100
28265283
28264834
28264811
28408271
28265064
28264927
28490044
28275923
28424294
28356690
28356689
28259501
28259219
28258565
28418306
27995111
28257501
28252645
28252809
28252185
28251430
28489138
28248524
28252731
16897314
28248523
28248519
28248515
28025811
28246248
28553634
28238616
28245166
28368090
28243447
28424295
28236879
28236708
28392111
28236194
28236143
28235629
28236391
28231967
28231428
28229374
28229376
28376332
28224152
28223602
28223600
28223599
28224269
28208613
28488446
28225980
28412394
28217303
28217220
28217074
28217073
28217072
28216961
28217120
28477355
28487395
28555762
28214312
28211492
28212166
28210206
28208612
28556153
28207978
28487256
28208594
28207918
28536821
28206589
28435361
28207468
28543340
28078394
28202146
28201325
28201324
28201323
28200519
28200244
28201211
28199444
27378309
28210279
28197188
27937214
27749289
28192846
28192845
28192619
28194306
28200648
28191893
28558065
28523869
28520214
28192095
28191232
28189898
28165650
28549898
28550441
28192878
28184358
28184594
28182869
27982955
28180979
27143489
27395551
28180379
28441296
28556003
28180119
28180861
28188058
28179943
28505277
28179774
28217096
28178341
28116822
28176611
28173358
28173094
28438706
28172152
28459065
28489075
28167998
28479420
28165805
28165496
