28075891
28311913
28311912
28311909
28311907
28311905
28311898
28311896
27676795
28375897
28365348
28365347
28365346
28365345
28511577
28502918
28490855
28489212
28488875
28417603
28273813
28311910
28520416
28434265
28412748
28392467
28561271
28560987
28560446
28560414
28560076
28557424
28556675
28557606
28556236
28555443
28553873
28553394
28553390
28553389
28551034
28549827
28549663
28550196
28550103
28549509
28549951
28549842
28548155
28550347
28549436
28550860
28560445
28544977
28544902
28544851
28550095
28550094
28550100
28550096
28544838
28543736
28543428
28543407
28543339
28543295
28543129
28544944
28543132
28543396
28543780
28541660
28553337
28534607
28534242
28534083
28534718
28534717
28531462
28531820
28527981
28527703
28527556
28526536
28525894
28525911
28525500
28525863
28525959
28525958
28534357
28523130
28523132
28520405
28520169
28520101
28520070
28519504
28519293
28520071
28516392
28519455
28519727
28511726
28519206
28511518
28510799
28509879
28507993
28507994
28507995
28504733
28504639
28504465
28506260
28502733
28502407
28518905
28501052
28502601
28501028
28500350
28502546
28495585
28495195
28493013
28530772
28518994
28491426
28491232
28491002
28491001
28491000
28490999
28490998
28490643
28488865
28488580
28481230
28481207
28481206
28481205
28480306
28480291
28480230
28480229
28480228
28480225
28479891
28497918
28478792
28476131
28476091
28474692
28457848
28457455
28461171
28458351
28452244
28453724
28443984
28527579
28442422
28441723
28441612
28441067
28440801
28438016
28435372
28435349
28437482
28480749
28435114
28435075
28434980
28434978
28434976
28433936
28433868
28433831
28433639
28431509
28431284
28430922
28431131
28430732
28431487
28431488
28429793
28430662
28431146
28429253
28481221
28441362
28425390
28489280
28423968
28424903
28424154
28420274
28419590
28419589
28419588
28419102
28550428
28419065
28433856
28419022
28481220
28558538
28412622
28412460
28410574
28433841
28410027
28411928
28411760
28481231
28409372
28407780
28407779
22822379
28407492
28407145
28534657
28407259
28405631
28401688
28401670
28401424
28401349
28401231
28401167
28400884
28433814
28397909
28400268
28394305
28394304
28394303
28394245
28394040
28394039
28393943
28393880
28393651
28393630
28393627
28393535
28395740
28395875
28393239
28393003
28391829
28391827
28391825
28391821
28391816
28391814
28391810
28394318
28390352
28393119
28393113
28393110
28393112
28391962
28393336
28383922
28383275
28383921
28383919
28383920
28383051
28382610
28382333
28377225
28376380
28559699
28376376
28376377
28377793
28369381
28368512
28531710
28508940
28367021
28367903
28368043
28531697
28531759
28531772
28531733
28363580
28363515
28391978
28520300
28362887
28363569
28361481
28363189
28358303
28508936
28488081
28489281
28157245
28344573
28337300
28337892
28337049
28335870
28334952
28334013
28332044
28328395
28328301
27761942
28328923
28410221
28326987
28322486
28534561
28321822
28321422
28243086
28244451
28052000
28155643
28321925
28321733
28434261
28434262
28434263
28434264
28316953
28316592
28316533
28327411
28505836
28505833
28505838
28315500
28315187
28316438
28311643
28327440
28310639
28310375
28408198
28309804
28315355
28309028
28308196
28309631
28309805
28306375
28303308
28301577
28438978
27970180
28295997
28295995
28295994
28295993
28291551
28291457
28285522
28285189
28285187
28284995
28284540
28285680
28362969
27946982
28278107
28278104
28277110
28274038
28273505
28272804
28269154
28265007
28264926
28265073
28264213
28264993
28405630
28259225
28395551
28258129
28257165
28247392
28423559
28245624
28245136
28245592
28382911
28238498
28232512
28224859
28224551
28224022
28342124
28559154
28225635
28332046
28216817
28216814
28216823
28216816
28215360
28489283
27764631
28560507
28208470
28207492
28201747
28203465
28201624
28201353
28202065
27909940
27909939
27909937
28200266
28201173
27822332
28200141
28200145
28200143
28200146
28200142
28200144
28193826
28192856
28192798
28192735
28190842
28101401
28203460
26991065
28549346
28176395
28173362
28173012
28172867
28173030
28171784
28171334
28171718
28165953
28165842
28040133
28164199
28159954
28158762
28158600
28157355
28158313
28157500
28161833
28373693
28149934
28560517
28144426
28135846
28135792
28133730
28129563
28128234
28125748
27559348
28112388
28112515
28110711
28113356
27821525
28104077
28101094
28098759
28093022
28092867
28091897
28091851
28521774
26430451
28433537
28559700
28076929
22137594
27722256
28069112
28062951
28060003
28382636
28048094
28047170
28046147
28044480
28044453
28044726
28041778
27592870
27416659
28039026
28039025
28037986
28037984
28037982
28096465
28031115
28030749
28031017
28031002
28312919
28139483
28025013
28519253
28481112
28481113
28481115
28161154
28018164
28005014
27466320
28004928
27995845
27995264
27989605
27989704
28504468
28101929
27981811
28489492
27977513
27977511
27977974
27974060
27967701
28549349
27961656
28493225
28493222
27559352
27945471
27946138
28376511
27988799
28401019
28401023
27826854
27826853
27929992
27929987
28302456
27917178
27917202
27917204
27917219
27913888
27908159
27908113
27908112
27653631
27907164
27907168
27964092
28412316
27901076
27900404
27871098
27871097
27870741
28392401
28392054
28392152
28556132
28385037
28384978
27861196
27385540
27385538
26483559
27841884
27841879
27841878
27835607
28554638
27826943
27826942
28391963
28391964
27826446
28042103
28554649
28554644
27825651
27822689
27822688
27822687
27822249
27822247
27822246
27822025
27822024
28383108
28475003
28382357
28216942
27800482
27799530
27799523
28289686
27791100
27791104
27791101
27791103
28435295
28420444
27766169
27761834
27760602
27757584
27757583
27756871
27745201
27744992
27744844
27744256
27737786
27737753
27737749
27737750
27737328
28023289
28156380
27730785
28489279
27145309
28401673
27714658
27712412
27703304
28431274
27352148
25746361
28393242
28382029
27654952
27644693
28560462
27578781
27578285
27652706
27578288
27578287
27578286
27578283
27578290
27578284
27578289
28557625
28488076
27524300
27519368
28559971
27955436
27144265
27508876
27499783
27495350
27495197
27489092
27489091
28128235
27489127
27484446
26845649
27475669
27464636
27451110
27451107
27423903
27417330
27415521
27415520
27392707
27385454
27718746
27630902
27304307
27291057
27291058
27285515
28356186
28127255
27226358
27226357
27823120
27225760
28480838
27153376
27152456
26129089
27137022
27125027
26321468
28357377
28549345
27738261
27425465
27049914
27048424
28297227
28309626
26978591
26852425
26920598
28387951
26914937
26914761
26920489
28039489
28248822
26868439
26845004
26844165
26796180
26796178
28009188
26255163
26744595
26826123
28297229
28555676
28441048
27425467
27737188
27648169
26343405
26343338
28562275
28431642
28431267
26445507
26845642
28127125
28489282
25983046
26279566
28557624
25880717
25821348
27017015
28434981
27489273
27489274
27489276
26612626
28430263
25586701
28375647
28519034
28376579
26796179
24457130
25907994
25907991
25907993
25100508
27489275
28519037
28106697
23961359
27977515
21583001
19004311
