28495411
27324971
27318799
27318797
28662833
26871468
26648469
28669178
28669160
28667707
28667045
28665591
28664587
28664590
28664450
28664435
28664007
28663530
28663518
28663508
28663336
28662044
28661760
28657890
28657072
28657892
28656627
28655790
28656097
28652348
28651884
28650895
28650891
28650339
28651385
28648723
28648148
28645520
28644660
28644162
28643824
28644658
28642997
28642625
28644287
28643336
28641357
28638443
28637625
28637624
28637623
28637495
28637224
28638064
28637780
28636870
28637144
28637436
28636204
28636203
28636202
28636478
28633681
28633609
28632256
28632228
28631826
28631757
28629210
28629039
28627569
28627138
28628396
28626867
28626304
28644652
28624403
28624402
28624401
28624400
28624368
28621751
28621525
28621416
28621403
28620391
28616774
28616063
28616179
28663732
28613616
28612576
28612511
28614185
28587324
28587126
28571931
28662829
28662835
28581888
28566547
28584259
28605160
28562825
28622169
28559619
28560116
28562896
28560523
28557104
28556232
28556063
28557105
28553702
28553146
28549946
28561394
28548386
28548567
28663931
28549998
28550093
28544893
28662867
28543288
28542089
28543097
28605039
28537114
28538858
28622611
28530688
28530687
28530685
28538762
28531095
28527833
28527664
28526504
28526055
28525512
28525969
28547591
28522710
28523845
28620608
28601258
28520172
28537306
28650646
28511395
28509882
28508114
28505805
28505742
28505090
28504935
28519867
28502057
28501213
28644400
28495183
28493108
28487996
28485284
28601807
28481062
28479881
28479879
28482777
28477469
28477083
28476470
28476469
28476468
28478793
28478808
28473682
28473355
28511285
28473082
28476750
28455515
28452684
28445515
28667497
28484397
28441636
28440944
28440911
28443407
28442070
28437269
28435121
28489021
28644168
28432813
28431285
28431015
28430639
28431958
28431669
28430052
28429927
28425944
28430253
28601802
28425531
28435030
28424942
28424345
28426179
28421479
28421002
28430454
28419457
28419247
28418105
28417201
28418058
28596570
28411951
28411247
28412605
28408999
28410642
28410941
28433500
28406653
28475204
28402423
28400966
28637392
28400567
28400569
28402394
28402974
28402973
28400934
28396856
28560459
28395288
28031022
28395548
28413659
28395739
28391781
28391780
28384315
28382816
28110649
28110654
28382064
28381539
28644403
28376989
28374797
28368381
28534734
28363599
28361533
28492379
28458266
28614158
28363412
28356934
28554426
28519683
28643302
28352195
28352674
28347756
28347266
28346295
28346248
28345193
28337926
28337925
28337686
28336766
28340968
28336690
28322793
28322557
28321120
28318143
28317917
28473072
28316572
28316339
28315692
28311533
28311047
28309775
28309488
28300877
28299110
28299430
28297937
28294649
28291160
28291097
28667806
28286520
28357003
28575540
28393716
28323137
28662831
28271858
28266037
28263801
28259020
28257925
28257769
28266027
28258807
28255138
28321119
28245759
28245741
28245325
28245328
28236738
28236548
28236065
28224173
28223769
28223214
28223185
28216191
28217424
28226477
28223215
28223296
28216654
28382908
28216936
28605231
28210262
28208303
28207375
28204828
28204337
28204336
28207557
28200255
28376241
27891347
28192747
28192749
28192748
28560542
28602875
28187688
28181052
28261146
28173361
28172464
28171686
28167223
28185155
28153103
28149820
28508097
28148691
28148082
28605170
28167210
28601225
28156449
28135173
28134096
28430738
28134516
28128651
27738559
28111820
28107047
28110317
28100315
28667871
28093692
28180974
28091873
28560401
28085932
28083706
28071971
28105279
28058549
28049952
28038549
28039491
28601827
28034462
28382199
28026780
28475243
28262789
28210261
28004325
28002871
27998522
27998541
27995201
28531497
27990842
27329734
27989000
28148721
28662837
28662842
24403587
27976541
27980841
27978820
27978819
27978587
27121019
28604300
28522704
27953478
27952781
28328569
28367792
27825460
27930290
27725313
27915321
27914756
28433942
27902320
27901257
28382253
27894867
28163630
27888007
26988497
28118614
27871027
27871026
28172316
28629243
27865342
27863057
27861889
27860436
27859554
27873972
28384331
27848287
28310552
28410361
27827463
27824638
27818438
27815072
27812040
28405711
28405715
27962059
28436037
28436036
28436035
28436034
27800004
27788094
27781856
27781251
27773710
27773358
27385281
27383955
27383956
28629059
28613456
27736690
28119433
27714073
27710646
27703340
27702859
22254602
27643121
27687984
27687779
27687178
27696866
27568886
28382254
28382252
27600529
27592435
27572751
27577260
27567900
27547469
27546561
27261853
27273819
28441694
28441706
28458253
28543527
28543531
28543529
28543528
28642671
28543526
28092150
28637374
28458259
27499669
27509145
27468500
27464627
27432517
26979205
26978993
27391216
24403588
24274396
27383954
27689265
27295890
27272135
27261681
27503289
27255241
27238943
28606745
27226682
27153344
27146676
27135491
27123240
27121020
28340232
27116498
28217733
28601810
27107296
27085496
28382257
27030945
27026892
27008781
26999715
26028217
26335818
27439427
26957928
26915571
20334549
27073131
28321203
26791330
26746394
28111731
26826221
26699070
26666998
26666997
27456382
26784693
27617246
27617242
27560687
28662844
26308535
27439447
27429445
28405719
27431744
27429444
27431740
27429443
28405716
26160406
26159904
27125149
26774546
28662841
26032551
27894868
26009596
24274398
25972856
27439425
27073140
27073132
27073126
24092158
25791291
25666902
25651570
25626964
28405814
28405813
28216057
26983953
28622532
23500753
28622531
23534422
24987005
25788878
21000480
27936614
19559460
22354206
