28417601
28417314
28419537
28419219
28419606
28412483
28419441
28419599
28420701
28550425
28413137
28410822
28424358
28479354
28420698
28420697
28549823
28492089
28419056
28418715
28309631
28306375
28303308
28316592
28273728
28244556
28268403
28259812
28434000
28217369
28271722
28434002
28267938
28493401
28524405
28312961
28493385
28485194
28309304
28320621
28307996
28492981
28316096
28491999
28433029
28427028
28433944
28337018
28492037
28493479
28432956
28493816
28492059
28207993
28435326
28492352
28487469
28426860
28207187
28200070
28493481
28492175
28487459
28433840
28435088
28493728
28493172
28431671
