28324745
27962059
27978724
27324971
27318799
27318797
26871468
26648469
28393343
28562203
28561604
28560921
28560918
28560784
28560740
28560178
28560741
28559311
28560325
28560606
28559017
28560523
28556854
28556359
28556245
28556234
28556116
28556063
28554626
28553557
28553146
28553010
28552730
28560443
28552580
28552188
28552724
28548867
28550197
28549421
28548533
28561394
28550021
28550891
28548341
28548330
28552190
28548567
28548331
28547486
28546967
28549950
28550093
28550099
28549870
28549314
28543517
28543378
28542765
28548273
28543179
28543097
28541256
28538360
28538343
28538319
28538317
28538302
28538300
28538290
28538270
28538258
28538159
28538158
28537641
28536535
28536516
28536514
28536513
28537114
28538858
28534563
28534346
28533536
28533461
28543775
28530712
28538762
28527833
28527717
28527664
28527628
28527436
28526561
28526329
28526224
28525973
28525423
28525313
28525378
28524672
28559465
28538275
28538248
28525483
28524124
28522707
28523845
28521710
28520091
28519837
28520459
28519794
28519795
28519252
28518412
28518411
28518314
28518249
28518195
28518194
28517762
28515340
28515328
28514653
28512360
28512358
28519018
28508114
28505861
28505828
28505805
28504935
28504038
28524827
28501213
28501037
28495411
28495183
28495100
28493387
28493201
28493108
28493051
28492929
28493125
28492514
28492282
28492143
28491931
28493260
28491684
28490645
28547284
28489299
28487242
28486101
28485213
28485129
28481795
28481688
28479881
28482777
28479432
28477469
28479763
28478793
28478808
28473355
28477180
28477183
28477182
28471279
28473082
28474332
28474795
28464030
28464029
28464028
28455515
28452668
28452552
28456227
28452684
28561080
28445515
28492052
28443918
28443655
28443428
28442378
28441648
28441636
28441384
28441262
28440911
28442416
28492013
28438766
28494921
28437821
28437791
28437269
28437042
28436700
28493479
28434470
28434272
28434271
28434078
28433932
28432956
28432798
28432036
28431337
28481800
28433964
28430624
28431958
28430547
28430056
28429577
28492770
28430727
28429412
28492037
28493481
28430496
28481802
28427028
28426168
28426165
28425531
28435030
28424858
28424942
28425044
28424186
28421479
28419457
28419060
28418061
28492010
28418058
28417198
28559100
28413151
28413146
28412602
28412353
28411247
28412605
28410447
28412664
28412666
28412665
28410432
28493392
28409288
28406653
28524413
28425600
28405414
28404761
28492061
28402500
28401507
28401402
28401362
28488649
28401810
28401814
28400567
28400569
28400387
28492563
28402394
28402974
28402973
28396699
28396698
28393861
28395548
28395525
28391195
28391158
28432780
28525327
28391042
28487321
28393013
28546909
28390633
28391781
28391780
28394084
28392709
28386301
28386300
28386299
28521776
28382790
28382603
28382064
28383902
28383904
28485195
28377247
28377133
28376989
28381751
28559543
28375583
28387204
28368062
28508097
28363886
28548342
28362461
28363599
28543315
28361336
28492379
28361921
28356934
28356888
28554426
28493210
28356404
28519683
28352147
28549556
28350280
28380642
28376544
28485271
28351552
28492587
28347756
28347266
28347075
28346665
28346295
28346753
28346248
28345386
28312351
28344486
28343990
28345023
28409642
28441278
28530617
28337686
28337601
28336766
28340968
27894360
28336690
28493394
28492421
28493368
28332048
28332036
28328750
28328599
28328220
28345610
28327518
28493398
28493400
28493401
28502420
28322793
28321682
28321193
28320621
28519358
28485194
28473072
28316572
28316096
28315692
28312961
28311533
28311274
28311272
28311271
28309775
28309488
28524405
28307996
28305814
28309304
28492981
28344879
28344877
28344878
28344876
28301214
28300926
28299110
28493385
28297618
28299430
28297937
28294649
28291160
28291122
28291689
28425565
28286030
28285309
28357003
28284445
28282114
28280922
28323137
28273728
28273614
28273996
27936029
28541232
28273528
28271858
28271722
28534336
28269130
28269140
28268403
28267938
28265439
28265081
28265529
28493678
28492982
28492983
28259812
28257925
28266027
28559600
28258807
28255138
28538112
28251513
28251512
28248920
28245759
28248750
28245325
28245328
28492414
28241827
28240533
28238562
28236738
28236065
28492518
28226248
28225952
28224173
28223769
28373976
28223214
28223185
28478159
28216191
28217424
28223021
28226477
28223215
28221295
28221294
28326973
28365203
28221288
28217604
28216654
28382908
28217369
28110654
28215100
28437453
28209469
28485150
28483261
28207187
28204828
27835899
27357357
28554642
28202168
28432830
28200019
28192855
28192365
28191949
27891347
28192747
28192749
28192748
28189892
28560542
28185712
28548692
27427729
28184025
28180345
28180760
28261146
28178241
28177849
28176556
28176554
28176553
28176552
28176551
28176550
28176549
28176548
28176546
28176545
28176544
28176542
28180058
28173361
28171686
28181495
28542750
28162333
28485136
28185155
28149820
28149864
28148691
28110649
28148374
28393346
28167210
28137532
28405133
27976429
28134096
28133922
28430738
28134213
28134516
28128651
28127098
28122009
28561038
28119193
27748853
28111701
28492420
28107047
28492954
28110317
28151106
28102931
28102083
28518695
28100245
28100223
28099398
28093119
28147692
28092782
28090964
28404772
28090465
28179273
28091904
28560401
28086233
28084970
28084411
28083706
28084227
28071971
28069120
28069117
28068971
28560546
28068139
28069002
28062928
28156661
28058549
28549836
28502667
28043930
28038549
28038961
28481872
28031117
28382199
28475243
28023515
28031567
28493491
28016964
27786704
28546951
28481690
28130647
28492060
28538097
28018760
28487760
28262789
28210261
28534337
28004325
28002871
28393342
28395356
27049763
28560220
27995384
27995087
27995201
27995132
28473070
27992042
27990842
27329734
27987892
27986748
28430330
27984444
27984445
27976541
27993296
27012641
27978587
27977068
27121019
27976505
27964293
27963220
28485188
27702896
28383164
28383166
28383167
28383165
27952410
27952407
28328569
27873973
28376573
27938750
28367792
27937306
27935465
27825460
27930290
27936619
28028691
27737197
27915321
27914756
28433942
27913685
27911054
27911053
27910104
27910103
27910099
28395019
27902320
27900877
25901984
27899596
27748866
27894867
28476748
28163630
27892002
27908754
27886593
27883562
27895649
27871027
27871026
27871025
28172316
28392394
27863102
27860436
27859858
27859854
27873972
28376548
28384331
27853285
27858184
27853346
28310552
27844121
27754986
28202025
27827463
27818438
27812040
28436037
28436036
28436035
28436034
27795847
27793600
27789002
25920615
27788094
27788355
27787401
27781856
27781376
27781251
27781381
27773358
28284317
27772941
27765961
27385281
27764854
27383955
27383956
27756363
27755120
28320801
27744441
27744335
27740451
28198994
28119433
27703340
27702859
24958114
27702895
22254602
26988497
27695128
27643121
27687984
27687178
27696866
27663601
27658226
27568886
27609620
27600837
27592435
27583591
27577260
27561892
28488205
28434460
28406850
27261853
27273819
27532981
27522013
27504702
27499669
27497733
28013780
26504762
27458903
27436360
27432517
27415563
27678563
27403591
27392331
27391216
27391145
27383954
28333596
27366763
27362280
27439434
28493569
27315495
27977574
27304206
27303609
27299285
27289795
27295890
27272135
27261681
27255241
27238943
27874381
28493367
27953865
28235220
27227491
27218607
27953862
27953864
27946086
28493566
28493568
28487762
27146676
27141758
27139538
27123240
27121020
28217733
27110379
27101720
27080266
27059369
27892003
27892004
27026892
27016482
26999715
27229356
26916685
26335818
27439427
26957928
28117349
26925257
26323435
26896315
26896294
26894472
24473700
28321203
26757954
26746394
28111731
26826221
28309121
28309468
26666998
26666997
26661106
27456382
26579126
26576137
26472101
26331818
26326242
26308535
26160406
26159904
26946114
26032551
27894868
26009596
28376570
25791291
25626964
25626962
25626935
25624807
28216057
26983953
23500753
23534422
23077823
25788878
21106119
27936614
19559460
