28324745
28507186
28393343
28425011
28562911
28562198
28562103
28562101
28561604
28561344
28561673
28560918
28560784
28560740
28560161
28559683
28559731
28559733
28560741
28559311
28560325
28559294
28560606
28559280
28559287
28559017
28560083
28559552
28558488
28558472
28560105
28558297
28560455
28557531
28560082
28560084
28560086
28558580
28558582
28556931
28556870
28556854
28556849
28556359
28556358
28557978
28556234
28556062
28562847
28555739
28556067
28554626
28554321
28553147
28553145
28553024
28553010
28552734
28552730
28560443
28552580
28551031
28553339
28550544
28550273
28552724
28548868
28548867
28548693
28549421
28548533
28548349
28548347
28548341
28549596
28548149
28548148
28548147
28548146
28548145
28548143
28548139
28548866
28548134
28547856
28550236
28547817
28546913
28546879
28546860
28544728
28549902
28544442
28549709
28550099
28549314
28549319
28554479
28543378
28550322
28543760
28542775
28542766
28542765
28543761
28548273
28542730
28544746
28542753
28541950
28541948
28543179
28541881
28541727
28543328
28541259
28541256
28541213
28541044
28540922
28538345
28538343
28538335
28538320
28538317
28538290
28538287
28538270
28538258
28538251
28538226
28538221
28538220
28538165
28538164
28538159
28538158
28538125
28538119
28538113
28538107
28538106
28538103
28538102
28537354
28537339
28536863
28536740
28538879
28549537
28535649
28537214
28541728
28534763
28534716
28534590
28534563
28534360
28534231
28534235
28534236
28531916
28531681
28540976
28531051
28531044
28530781
28530712
28530683
28530525
28538189
28543554
28531818
28527812
28531085
28527664
28527628
28527436
28526807
28526861
28526658
28526561
28526329
28526284
28526224
28526181
28525900
28525973
28525893
28525446
28525423
28525313
28525310
28525293
28525378
28525221
28550469
28524918
28550472
28524448
28525947
28559465
28538275
28538248
28524155
28524122
28524531
28524532
28523210
28522707
28523948
28522419
28520171
28520091
28519989
28519988
28519794
28519795
28521804
28519805
28520980
28519252
28520358
28520357
28518713
28518418
28518301
28518209
28518195
28518194
28520217
28516314
28516313
28516290
28519580
28515469
28515404
28515364
28514780
28554334
28514747
28514745
28514653
28518925
28518860
28512427
28530672
28519304
28511295
28543447
28510735
28510597
28510347
28509659
28509218
28550470
28526096
28508900
28508152
28519018
28506438
28505861
28504926
28504479
28504272
28504176
28504175
28504038
28538202
28503309
28503171
28504266
28503407
28502458
28504312
28549885
28549861
28499512
28495549
28493864
28493841
28493681
28493675
28493411
28493338
28493337
28559313
28493308
28493297
28493201
28493188
28493186
28493184
28493131
28493051
28492934
28492861
28492831
28492830
28492709
28492700
28492658
28492619
28492536
28492514
28492325
28492306
28492282
28492265
28492264
28492262
28492259
28492254
28492253
28492251
28492249
28492217
28492127
28492063
28491931
28493260
28491420
28490645
28518227
28547284
28489905
28489903
28489420
28489213
28488867
28490828
28531388
28487460
28487255
28487251
28487242
28487152
28518434
28505109
28480778
28480609
28480457
28479583
28479432
28527894
28477917
28476597
28476487
28474242
28476524
28518918
28477180
28477183
28477182
28488294
28476287
28471279
28464030
28464029
28464028
28461784
28461783
28511297
28461585
28531779
28457571
28454531
28452668
28456227
28492840
28448044
28447889
28447888
28561080
28492052
28445442
28445119
28445552
28443920
28443655
28443428
28488275
28442433
28442534
28442278
28442274
28442830
28441648
28441423
28441384
28440946
28442416
28441717
28440286
28442522
28440161
28492013
28439992
28439945
28439416
22962698
28492124
28491989
28494921
28525017
28437588
28437408
28437396
28437801
28498428
28436688
28436145
28436700
28435996
28435993
28443349
28435646
28437271
28435557
28435383
28435382
28435381
28435377
28435088
28434769
28434710
28435326
28493479
28434470
28434697
28434937
28433944
28433029
28492059
28491999
28432956
28433840
28432036
28432089
28431337
28431139
28431079
28429579
28429577
28492770
28430727
28492175
28492352
28492037
28431073
28487469
28430398
28493481
28431898
28487459
28493816
28431701
28431671
28559099
28427028
28426860
28426168
28426165
28483398
28425523
28425290
28425249
28425050
28425019
28500979
28424858
28424730
28425044
28424096
28428928
28423766
28423507
28492361
28424186
28492176
28424347
28544978
28421274
28424358
28420242
28419379
28418814
28418471
28560225
28453415
28453379
28418061
28419056
28419053
28419054
28419055
28492010
28493339
28418483
28418226
28417258
28418482
28534133
28493327
28493158
28493159
28493161
28493165
28492771
28493150
28439582
28558550
28559302
28558471
28414774
28438051
28413151
28413150
28413146
28413140
28413138
28413137
28413136
28412848
28459073
28412441
28412434
28412353
28550425
28412043
28411908
28411698
28412685
28412542
28412543
28412541
28410977
28410975
28410451
28412395
28412337
28412664
28412666
28412665
28492845
28409288
28410623
28491975
28492302
28410764
28410385
28407483
28407452
28410851
28487326
28407097
28524413
28405846
28405708
28405414
28405305
28404761
28548348
28404744
28492402
28492303
28491986
28492231
28559251
28404678
28402554
28426286
28402411
28403305
28401794
28401714
28401646
28401531
28401520
28401507
28401402
28401362
28488649
28401761
28400730
28400151
28399941
28401355
28492820
28400427
28491079
28492868
28492563
28402973
28400861
28400860
28400403
28400404
28395681
28396731
28396684
28395728
28393861
28395546
28395525
28391127
28432780
28525327
28391042
28392462
28491968
28493736
28487321
28492144
28492691
28493513
28546909
28393011
28408343
28560240
28395364
28394110
28392709
28386301
28386300
28386299
28414358
28392479
28383131
28382790
28382603
28487286
28383900
28383899
28383904
28492305
28492333
28554665
28487385
28382231
28380395
28377247
28377133
28401762
28375792
28375698
28559543
28375583
28562217
28374760
28374429
28372937
28375586
28374851
28374083
28370253
28374728
28492961
28487288
28492066
28364455
28364358
28364122
28362461
28363433
28534804
28543315
28363436
28361526
28383340
28487227
28360368
28508309
28367250
28505678
28356994
28356889
28356888
28356885
28356793
28356530
28356062
28493210
28526344
28356747
28353177
28199772
28352171
28361954
28352148
28352147
28352105
28351990
28351989
28351988
28351563
28549556
28350512
28350370
28350285
28350280
28487239
28351552
28492587
28493613
28560545
28351149
28348219
28348478
28519680
28554668
28192117
28346753
28350910
28345422
28345393
28345386
28312351
28491965
28522441
28487420
28352987
28343990
28345023
28343396
28345611
28409642
28405704
28339721
28419255
28338936
28338586
28337904
28337601
28336896
28336735
28336325
28489971
28337672
28334880
28401192
28337071
28487500
28331879
28492421
28493241
28493368
28493680
28332048
28332036
28519364
28356603
28509346
28328750
28328703
28328600
28328599
28328582
28328706
28321839
28328168
28328745
28328220
28328226
28505108
28345610
28327518
28326837
28326230
28502420
28327438
28412408
28323165
28323129
28502664
28321679
28321193
28320668
28320650
28320621
28322236
28320193
28519358
28322829
28317548
28317591
28316826
28316824
28316661
28316186
28316096
28315888
28316890
28077914
28314947
28314713
28492920
28311355
28311274
28311272
28311271
28311531
28311026
28310930
28310691
28310082
28550075
28493044
28310358
28309545
28487467
28524405
28372792
28492981
28301214
28300926
28299841
28556144
27561708
28299474
28493385
28297618
28299494
28298544
28491990
28292093
28543443
28291461
28291122
28021353
28291689
28410731
28287672
28286030
28443819
28438656
28538516
28199617
28285309
28534339
28284233
28285526
28489915
28284445
28287856
28284771
28282114
28282108
28136393
28281443
28407369
28407371
28280426
28280064
28279254
28492228
28279927
28279534
28279558
28277143
28277115
28276363
28273616
28273614
28273996
27936029
28541232
28273528
28271712
28272545
28488032
28271216
27988656
28269130
28492042
28487533
28267938
28492044
27879313
28265017
28263757
28265529
28526363
28493678
28492982
28492983
28273866
28263962
28172444
28258120
28559600
28492708
28493694
28492045
28332094
28562219
28538112
28501954
28251513
28251512
28248903
28248920
28438976
28245408
28245005
28291140
28245070
28244582
28492342
28492414
28241827
28368090
28237915
28238562
28537258
28236152
28237016
28435200
28254760
28243482
28233612
28232438
28491973
28493182
28493290
28229735
28232005
28492326
28492518
28491980
28226248
28225615
28225952
28225641
28419358
28224632
28224151
26454863
28093698
28223987
28222683
28258153
28223021
28225945
28222870
28225938
28225940
28221295
28221294
28326973
28225977
28442806
28365203
28221288
28217604
27860984
28216815
27955738
28215100
28492811
28491974
28516332
28487395
28493357
28209176
28215171
28215887
28209694
28430346
28209177
28208939
28209469
28208289
28208288
28208242
28208238
28208218
28207983
28392522
28265829
28543696
28207187
28207993
28493728
28202491
28202192
28202098
28337018
28200921
28418932
28418957
28493172
28196809
28200070
28200074
28200073
28200075
28200072
28191949
28191865
